-180 -90 180 90
15.6209 78.2210
-69.2296 77.4665
-94.9000 74.6833
80.5451 73.5070
-85.1666 73.0333
-56.1417 72.7094
102.4650 72.0411
128.8350 71.6269
136.0666 71.4333
-156.7886 71.2906
23.6880 70.6613
147.8946 70.6183
-148.6694 70.2922
162.3336 69.6510
18.9920 69.6351
-93.5333 69.5333
88.2250 69.3400
-81.7936 69.2565
-105.0333 69.1170
33.1000 68.9700
-166.8080 68.3477
-115.1253 67.7987
134.6350 67.6560
64.0100 67.5000
-53.6666 66.9500
123.3711 66.7697
-86.2829 66.5295
25.7159 66.5000
-128.6333 66.2666
22.1584 65.5966
-147.7107 64.8370
177.4750 64.7370
177.7000 64.7333
40.5450 64.5750
143.2000 64.5666
-165.4064 64.5061
-51.7327 64.1983
-21.9365 64.1435
-139.4167 64.0666
-68.5002 63.7505
10.4167 63.4167
-90.7001 63.3383
21.6000 63.1000
113.9614 62.5400
-114.3970 62.4420
17.3167 62.4001
129.7350 62.0350
34.3612 61.7813
23.7500 61.5000
73.4250 61.2599
-149.8874 61.2140
-45.4166 61.1666
-146.3483 61.1360
-94.0586 61.1086
-161.7558 60.7933
114.9470 60.7253
-135.0500 60.7167
5.3245 60.3910
24.9325 60.1638
19.9490 60.0970
-111.8833 60.0000
30.3141 59.9410
10.7480 59.9186
150.8100 59.5750
24.7280 59.4339
143.2170 59.3830
18.0663 59.3241
39.9200 59.2100
159.9500 59.0840
-94.1660 58.7660
125.3894 58.6030
49.6700 58.5901
-134.4007 58.3034
7.9750 58.1456
-68.4000 58.1000
56.2480 58.0019
102.6333 57.9900
59.9750 57.9200
28.3299 57.8300
-152.4070 57.7900
39.8700 57.6200
65.5300 57.1400
-135.3275 57.0604
24.1000 56.9500
35.8900 56.8600
60.5980 56.8520
-111.3833 56.7333
-61.6860 56.5474
84.9750 56.4950
43.9981 56.3350
-120.8333 56.2500
-117.2833 56.2333
101.6150 56.1570
92.8641 56.0159
-87.6500 55.9833
-3.2191 55.9483
-4.2391 55.8623
37.6136 55.7541
49.1244 55.7519
-97.8666 55.7499
12.5615 55.6805
13.0231 55.5994
86.0900 55.3400
-77.7658 55.2815
-162.7151 55.2000
61.4367 55.1569
82.9581 55.0319
73.3980 54.9919
56.0381 54.7919
32.0473 54.7827
20.4973 54.7000
25.3166 54.6834
39.7200 54.6200
-5.9282 54.5942
18.6400 54.3600
48.4100 54.3300
-130.3300 54.3167
-4.4803 54.1491
27.5647 53.9019
87.1150 53.7500
91.4450 53.7037
142.9479 53.5739
-113.5019 53.5520
9.9981 53.5520
-2.2487 53.4753
58.9800 53.4227
83.7450 53.3550
-6.2570 53.3467
34.4300 53.2600
50.1493 53.1970
45.0000 53.1800
158.6230 53.0620
116.9166 52.9833
63.1300 52.9527
-66.9159 52.9414
103.9200 52.5600
13.3996 52.5238
-1.9219 52.4769
4.9147 52.3519
76.9500 52.3000
104.2839 52.2846
21.0053 52.2309
-106.6700 52.1700
23.7000 52.1000
4.2700 52.0800
113.4650 52.0550
107.6250 51.8250
55.1100 51.7800
75.3199 51.7300
94.3831 51.7067
39.1868 51.6654
46.0281 51.5819
-0.1187 51.5019
-3.1676 51.4826
71.4278 51.1811
-114.0819 51.0849
13.7500 51.0500
4.3314 50.8353
3.0781 50.6519
-104.6170 50.4500
30.5147 50.4353
80.2750 50.4350
57.1700 50.2800
127.5333 50.2666
28.6622 50.2456
8.6750 50.1000
14.4229 50.0870
19.9581 50.0619
36.2481 50.0019
82.6149 49.9900
2.3000 49.9004
73.1150 49.8850
-97.1660 49.8830
24.0300 49.8350
-99.9500 49.8333
6.1300 49.6117
0.1050 49.5050
1.0800 49.4304
-123.1236 49.2754
4.0300 49.2504
119.7000 49.2000
-0.3500 49.1838
104.1183 49.0533
2.3530 48.8581
44.4980 48.7120
6.2000 48.6837
-93.4108 48.6011
7.7500 48.5800
34.9981 48.4819
-81.3333 48.4666
135.1200 48.4550
-89.2750 48.4462
-123.3500 48.4333
126.5286 48.2463
-101.2958 48.2325
16.3647 48.2020
17.1170 48.1500
11.5730 48.1319
-1.6700 48.1000
114.5060 48.0666
91.6333 48.0166
37.8280 48.0019
106.9147 47.9186
1.9000 47.9004
88.1166 47.8666
-117.4199 47.6700
-122.3153 47.6004
-52.6810 47.5850
19.0814 47.5020
-111.3000 47.5003
8.5481 47.3819
123.9880 47.3469
5.0300 47.3304
39.7107 47.2366
6.0300 47.2300
-1.5900 47.2104
27.5749 47.1683
9.5167 47.1337
51.9200 47.1127
-122.8994 47.0380
28.8577 47.0050
142.7400 46.9650
7.4670 46.9167
-96.7894 46.8772
-113.9931 46.8722
-71.2456 46.8400
130.3481 46.8320
-100.7833 46.8083
-112.0353 46.5927
0.3333 46.5833
124.9981 46.5819
-84.3453 46.4953
30.7081 46.4920
48.0550 46.3487
-79.4500 46.3000
-63.1313 46.2493
6.1400 46.2100
11.1200 46.0804
122.0800 46.0800
-60.1800 46.0661
14.5150 46.0553
1.2500 45.8300
16.0000 45.8000
-108.5400 45.7883
3.0800 45.7800
4.8281 45.7720
126.6480 45.7519
7.3150 45.7370
13.8000 45.6504
-122.6400 45.6303
-122.6819 45.5220
-73.5852 45.5019
9.2031 45.4719
12.3350 45.4387
-75.7020 45.4186
130.9681 45.3019
19.8499 45.2504
7.6680 45.0723
41.9800 45.0500
39.0000 45.0200
-93.2537 44.9819
-93.0850 44.9440
-123.0239 44.9281
-0.5970 44.8520
20.4660 44.8206
65.4650 44.8000
17.1800 44.7804
-63.6000 44.6500
33.5244 44.6039
135.5172 44.5372
11.3400 44.5004
-73.2125 44.4758
26.0980 44.4353
8.9300 44.4100
-100.3506 44.3683
-69.7800 44.3106
28.6100 44.2027
12.4418 43.9361
81.3500 43.9000
125.3380 43.8670
126.5481 43.8519
18.3830 43.8500
87.5731 43.8070
11.2500 43.7800
7.4069 43.7396
-79.3895 43.6646
1.4480 43.6219
122.2680 43.6219
3.8700 43.6104
-116.2275 43.6086
13.4999 43.6004
39.7300 43.5900
104.4403 43.5836
-96.7300 43.5500
43.6179 43.4981
76.9131 43.3269
45.6987 43.3187
5.3731 43.2919
-2.9300 43.2500
-77.6219 43.1724
131.9100 43.1300
12.3900 43.1104
141.3381 43.0769
-76.1500 43.0500
-87.9167 43.0296
41.0200 43.0200
144.3747 42.9750
71.3650 42.9000
-78.8819 42.8819
74.5833 42.8750
-106.3232 42.8469
93.5150 42.8270
23.3147 42.6853
21.1660 42.6667
1.5266 42.5108
59.6150 42.4700
19.2663 42.4660
13.3900 42.3504
-83.0513 42.3336
-71.0720 42.3319
69.5950 42.3200
118.9480 42.2720
-8.7300 42.2200
21.4335 42.0000
8.7283 41.9271
12.4534 41.9033
12.4813 41.8979
-87.6352 41.8480
123.4480 41.8069
140.7400 41.7950
44.7888 41.7270
41.6300 41.6000
-93.6200 41.5800
14.6560 41.5630
-81.6969 41.4719
2.1814 41.3852
19.8189 41.3275
69.2688 41.3038
36.3437 41.2800
-96.0100 41.2400
-73.2019 41.1819
-104.8197 41.1400
122.9381 41.1170
16.8728 41.1142
28.9743 41.0176
14.2431 40.8420
-115.7620 40.8325
111.6581 40.8219
-124.1504 40.7930
72.3400 40.7900
-111.9320 40.7770
120.8280 40.7523
-73.9957 40.7216
22.8831 40.6981
109.8201 40.6542
15.7990 40.6420
-80.0019 40.4319
-3.6853 40.4020
49.8603 40.3972
29.0681 40.2019
44.5116 40.1831
94.6620 40.1427
124.4213 40.0859
52.9697 40.0230
-75.1798 39.9459
32.8624 39.9292
116.3942 39.9017
98.3000 39.8200
64.4300 39.7800
-86.1720 39.7519
-104.9860 39.7411
66.9450 39.6700
-119.8200 39.5300
-0.4020 39.4870
75.9699 39.4763
-76.6146 39.2815
106.7690 39.2333
9.1040 39.2224
-84.4589 39.1638
127.4308 39.1605
63.5800 39.1100
-94.6060 39.1090
117.1966 39.0828
-95.6700 39.0500
125.7527 39.0214
100.4500 38.9300
121.6279 38.9248
139.8501 38.9200
-77.0114 38.9015
16.6000 38.9004
-104.7920 38.8630
-9.1468 38.7247
-90.2419 38.6370
-121.4720 38.5770
68.7739 38.5600
106.2711 38.4699
27.1498 38.4381
77.2500 38.4261
-81.6327 38.3497
109.7333 38.2833
140.8697 38.2684
13.3481 38.1270
46.2993 38.0882
114.4780 38.0520
23.7314 37.9853
58.3833 37.9500
102.6410 37.9280
-4.7700 37.8800
32.4731 37.8770
112.5431 37.8770
-122.3996 37.7843
-25.6666 37.7483
61.8333 37.6000
126.9978 37.5683
-77.4519 37.5520
121.3981 37.5324
15.0800 37.5000
126.6403 37.4781
-5.9800 37.4050
-121.8882 37.3309
79.9269 37.0997
35.3181 36.9969
7.7600 36.9200
-76.2800 36.8500
117.9965 36.8214
10.1797 36.8028
3.0486 36.7650
-119.7730 36.7477
67.1000 36.7000
116.9931 36.6769
138.1700 36.6500
101.7681 36.6219
114.4780 36.5819
94.8833 36.4166
6.5999 36.3600
43.1431 36.3469
127.4231 36.3375
59.5681 36.2720
37.1681 36.2319
-86.7819 36.1719
98.2666 36.1666
-115.1514 36.1648
-5.3460 36.1283
-95.9300 36.1200
120.3281 36.0919
103.7901 36.0580
-83.9200 35.9700
14.5147 35.8997
10.6250 35.8300
-78.6470 35.7727
-0.6219 35.7119
139.7495 35.6870
-105.9372 35.6869
51.4224 35.6739
111.2100 35.6200
44.3923 35.4722
-97.5206 35.4720
136.7628 35.4231
-101.8300 35.2300
-111.6505 35.1981
126.9085 35.1729
33.3666 35.1667
136.9130 35.1569
-90.0288 35.1447
-106.6413 35.1050
129.0081 35.0970
118.3280 35.0819
135.7481 35.0319
117.5681 34.8819
48.5150 34.7960
113.6631 34.7569
135.5038 34.6911
-1.9100 34.6900
105.9180 34.6020
69.1813 34.5186
-119.7166 34.4108
132.4410 34.3898
62.1700 34.3300
117.1781 34.2820
108.8931 34.2770
-77.9450 34.2255
77.5723 34.1616
-117.3020 34.1223
74.8283 34.0695
-5.0023 34.0565
-118.2320 34.0492
-6.8364 34.0253
71.5331 34.0070
-81.0313 33.9969
35.5078 33.8739
132.7658 33.8455
-84.3676 33.7395
73.0806 33.6894
116.9769 33.6381
-7.6183 33.6019
130.4081 33.5970
119.0660 33.5852
133.5375 33.5624
36.2981 33.5020
-112.0674 33.4483
44.3919 33.3406
112.5281 33.0023
12.0791 32.9344
13.1800 32.8925
-96.7947 32.7720
129.8850 32.7650
-97.3400 32.7400
-117.1509 32.7189
74.8448 32.7137
51.6981 32.7020
109.0200 32.6800
-115.4820 32.6519
-16.8800 32.6500
116.9780 32.6319
-117.0819 32.5020
-93.7700 32.5000
3.6700 32.4900
15.1000 32.3800
-86.2792 32.3616
-9.2400 32.3200
-90.1850 32.2988
-64.7839 32.2942
-110.8919 32.2069
74.1831 32.1624
20.0648 32.1187
34.7681 32.0819
118.7780 32.0520
-81.1100 32.0211
44.3354 32.0003
35.9314 31.9520
54.3700 31.9201
131.4184 31.9182
35.2062 31.9029
117.2781 31.8520
-106.5119 31.7819
35.2066 31.7784
74.8680 31.6419
-8.0019 31.6319
65.6949 31.6100
120.2980 31.5819
74.3481 31.5619
34.4450 31.5300
104.6900 31.4648
75.5671 31.3369
-110.9450 31.3050
120.6181 31.3024
48.7181 31.2819
32.2900 31.2600
121.4346 31.2184
29.9480 31.2020
75.8703 30.9297
106.1281 30.7824
76.7781 30.7219
104.0681 30.6719
114.2681 30.5820
47.8116 30.5155
-91.1402 30.4579
-84.2800 30.4500
-81.6719 30.3320
-97.7447 30.2689
120.1681 30.2519
67.0230 30.2219
71.4531 30.2019
31.2480 30.0519
32.5499 30.0050
77.5500 29.9700
-90.0884 29.9689
121.5481 29.8819
-95.3484 29.7413
91.1000 29.6450
52.5681 29.6319
105.0481 29.5823
106.5930 29.5669
-98.4927 29.4198
113.0981 29.3820
47.9764 29.3717
30.8400 29.3100
88.8833 29.2500
-110.9541 29.0989
77.6981 29.0024
78.7548 28.8437
115.8781 28.6819
77.2281 28.6719
77.4064 28.6623
-106.0869 28.6469
77.2000 28.6000
-81.3820 28.5119
77.3147 28.4353
36.5550 28.3838
112.9680 28.2019
-15.4300 28.1000
120.6481 28.0219
-82.4606 27.9489
-110.8900 27.9300
78.0598 27.8942
102.3000 27.8800
-97.4019 27.7428
85.3147 27.7186
113.8481 27.6220
68.2068 27.5618
-99.5072 27.5061
-99.5500 27.5000
89.6390 27.4730
56.2721 27.2041
31.1799 27.1900
78.0131 27.1724
-13.2000 27.1500
14.4333 27.0333
75.8080 26.9231
112.5881 26.8820
80.9131 26.8570
104.8314 26.5964
106.7181 26.5820
-78.7000 26.5333
80.3180 26.4619
15.8000 26.3666
73.0148 26.2937
50.5831 26.2361
127.6730 26.2072
78.1692 26.2000
91.7680 26.1620
91.7666 26.1440
-9.6525 26.1192
119.2981 26.0819
-97.5000 25.8800
-80.2261 25.7896
32.6500 25.7000
-100.3319 25.6719
85.1281 25.6269
-103.4219 25.5720
81.8381 25.4569
68.3730 25.3819
82.9981 25.3319
51.5330 25.2866
110.2781 25.2819
86.9800 25.2300
55.2869 25.2149
75.8331 25.1819
99.1500 25.1200
-77.3500 25.0834
102.6974 25.0429
121.5683 25.0358
118.5780 24.9020
66.9881 24.8719
-107.3819 24.8319
113.5800 24.8000
46.7205 24.6345
39.5781 24.5019
54.3666 24.4667
118.0781 24.4519
88.6031 24.3769
23.2900 24.2000
120.6817 24.1521
-110.3200 24.1400
32.8989 24.0875
106.6133 23.8997
86.4180 23.8023
90.4066 23.7250
86.9814 23.6853
58.3783 23.5852
111.3200 23.4800
103.1501 23.3800
85.3281 23.3720
116.6681 23.3720
77.4080 23.2519
-106.4200 23.2211
79.9531 23.1770
-82.3661 23.1339
113.2618 23.1247
72.5781 23.0320
113.7505 23.0215
89.5581 22.8419
108.3181 22.8219
86.1956 22.7895
5.5228 22.7850
75.8631 22.7170
120.2666 22.6333
110.1481 22.6319
88.3691 22.5696
114.0612 22.5481
91.7980 22.3319
70.7981 22.3120
73.1781 22.3120
114.1831 22.3069
-97.8700 22.3000
113.5444 22.1891
-101.0019 22.1719
96.0831 21.9719
39.2173 21.5188
-71.1360 21.4664
39.8181 21.4320
-157.8583 21.3034
81.6331 21.2369
81.3722 21.2113
72.8381 21.2019
110.3781 21.2019
79.0880 21.1719
-86.8300 21.1700
-101.7020 21.1519
105.8481 21.0353
-89.6186 20.9686
-17.0560 20.9000
106.6781 20.8320
77.0100 20.7100
-103.3320 20.6720
-13.0500 20.5166
85.8899 20.4700
85.8254 20.2724
92.8800 20.1400
-75.8213 20.0250
73.7780 20.0024
75.3289 19.8617
-90.5000 19.8300
96.1167 19.7685
-155.0815 19.7056
37.2164 19.6158
-70.6700 19.5000
-99.1329 19.4444
-81.3716 19.2947
-103.7200 19.2300
77.3083 19.1973
-96.1600 19.1773
30.4833 19.1666
72.8758 19.0684
-98.2037 19.0326
98.9800 18.8000
-72.3380 18.5430
73.8519 18.5164
-69.9297 18.4707
-66.1300 18.4400
120.5936 18.1988
-15.9753 18.0864
-76.7674 17.9771
102.6000 17.9667
83.2198 17.6829
75.8981 17.6724
78.4780 17.4019
76.8200 17.3500
-62.7170 17.3020
-88.7671 17.2520
-61.8500 17.1180
-96.6700 17.0827
7.9828 16.9959
-99.9160 16.8500
96.1647 16.7853
-3.0166 16.7666
-93.1500 16.7500
74.2200 16.7000
-9.6167 16.6666
80.5243 16.5337
80.6281 16.5219
120.5699 16.4300
-0.0500 16.2666
-13.5000 16.1500
108.2500 16.0600
-61.7055 16.0104
32.4800 15.6167
32.5322 15.5900
36.3900 15.4600
75.1231 15.3619
44.2046 15.3567
38.9333 15.3333
-61.3870 15.3010
102.1000 15.0000
-23.5167 14.9167
5.2599 14.9000
-91.5200 14.8300
-17.4751 14.7178
-90.5289 14.6231
-61.0800 14.6104
120.9803 14.6061
-11.4400 14.4500
-16.1000 14.1500
-87.2195 14.1040
-60.9929 14.0079
-4.5500 13.9000
20.8300 13.8400
8.9833 13.8000
100.5147 13.7519
-89.2156 13.7033
25.3500 13.6300
44.0375 13.6064
2.1147 13.5187
39.4700 13.5000
7.0964 13.4916
144.7500 13.4700
-16.5917 13.4539
22.4400 13.4500
-6.2600 13.4400
103.8500 13.3666
30.2167 13.1833
-61.2202 13.1558
-59.6165 13.1020
103.2000 13.1000
80.2781 13.0919
5.2400 13.0600
42.7300 13.0100
77.5581 12.9719
74.8500 12.9000
45.0095 12.7797
-8.0020 12.6520
37.4600 12.6100
-70.0255 12.5215
-1.5267 12.3723
76.6581 12.3119
-86.2704 12.1550
15.0472 12.1150
-68.8724 12.1123
24.8900 12.0600
-61.7416 12.0526
8.5181 12.0019
79.8300 11.9350
-15.5984 11.8650
13.1581 11.8519
78.1781 11.6719
37.3833 11.6001
43.1480 11.5950
104.9147 11.5520
75.7680 11.2524
-4.2900 11.1800
76.9481 11.0019
-74.8019 10.9619
78.6875 10.8005
106.7030 10.7621
-71.6619 10.7319
122.5450 10.7050
-61.5170 10.6520
14.3247 10.5956
7.4381 10.5220
-66.9190 10.5029
45.0164 10.4355
-75.5163 10.4017
-9.3100 10.3900
123.8981 10.3219
-67.9820 10.2319
76.2220 10.0170
-83.0333 10.0000
-84.0788 9.9304
78.1181 9.9220
41.8600 9.5900
44.0653 9.5600
31.6560 9.5369
-13.6822 9.5335
2.6200 9.3400
13.3900 9.3000
99.3401 9.1501
7.4895 9.0546
38.6981 9.0353
-79.5350 8.9700
-71.1825 8.5695
16.0900 8.5500
76.9252 8.5155
-13.2362 8.4720
-82.4333 8.4333
20.6530 8.4091
-62.6200 8.3700
4.2380 8.1320
-72.2500 7.7700
-8.8300 7.7600
8.5300 7.7300
27.9900 7.7000
-5.0300 7.6900
1.1200 7.5300
134.6265 7.4874
3.9280 7.3820
80.6700 7.2800
125.6281 7.1120
171.3800 7.1030
79.8578 6.9320
122.0781 6.9219
158.1500 6.9166
79.9500 6.9000
-5.2755 6.8184
-58.1670 6.8020
2.6166 6.4833
7.5000 6.4500
3.3896 6.4452
2.4044 6.3630
5.6181 6.3424
-10.7997 6.3146
-75.5770 6.2769
1.2208 6.1339
125.1747 6.1108
10.1500 5.9600
-55.1670 5.8350
20.6672 5.7620
-67.6236 5.6639
-0.2187 5.5520
95.3200 5.5500
5.7600 5.5200
-54.0325 5.4976
100.3294 5.4136
26.5000 5.4000
-4.0202 5.3231
-75.5200 5.0600
-52.3300 4.9330
114.9333 4.8833
31.5800 4.8300
7.0081 4.8119
-74.0853 4.5984
18.5583 4.3666
73.5089 4.1720
9.7080 4.0624
11.5147 3.8686
-54.2333 3.8500
8.7833 3.7500
98.6481 3.5819
-76.5019 3.4019
117.6330 3.3000
101.6887 3.1398
30.9000 3.0204
101.6950 2.9325
11.1500 2.9000
-60.6660 2.8161
32.2800 2.7800
34.6400 2.5403
22.4600 2.1900
45.3647 2.0686
110.3300 1.5300
173.0176 1.3382
103.8539 1.2950
-77.2811 1.2136
-70.1736 1.1983
34.1700 1.0904
127.3630 0.7930
30.2750 0.6710
32.5333 0.5833
123.0700 0.5500
25.2200 0.5200
35.2700 0.5200
33.1999 0.4404
9.4580 0.3854
6.7297 0.3375
32.5814 0.3186
29.2800 0.1300
37.6400 0.0600
18.2600 0.0400
-51.0500 0.0330
-78.5020 -0.2130
31.7300 -0.3296
-90.3500 -0.5333
30.6500 -0.5996
8.7800 -0.7200
100.3581 -0.9581
116.8300 -1.2500
36.8147 -1.2814
-48.4820 -1.4481
13.5833 -1.6333
29.2218 -1.6788
30.0586 -1.9516
-79.9220 -2.2181
-54.7000 -2.4333
-44.2679 -2.5140
32.9300 -2.5200
140.7000 -2.5330
107.6500 -2.7500
-79.0000 -2.9000
104.7481 -2.9781
-60.0020 -3.0981
17.3800 -3.3100
114.5801 -3.3300
36.6700 -3.3600
29.3600 -3.3761
128.2000 -3.7167
-38.5819 -3.7481
-73.2500 -3.7500
119.6333 -4.0167
39.6880 -4.0381
13.2800 -4.1800
-69.9553 -4.2012
152.1434 -4.2055
15.2827 -4.2572
15.3130 -4.3278
26.6600 -4.4500
55.4500 -4.6166
11.8800 -4.7700
-43.3500 -4.8330
18.8500 -5.0300
-42.7820 -5.0931
119.4301 -5.1380
-80.6300 -5.2100
-49.1160 -5.3500
105.2681 -5.4281
-35.2420 -5.7781
13.4500 -5.8166
144.2168 -5.8632
22.3981 -5.8881
29.2000 -5.9333
145.3855 -6.0833
23.5981 -6.1481
39.2000 -6.1600
106.8275 -6.1725
35.7500 -6.1833
146.9900 -6.7330
39.2664 -6.7981
37.6600 -6.8200
107.5681 -6.9481
110.4181 -6.9647
112.7489 -7.2473
110.8250 -7.5650
-72.6700 -7.6300
112.6081 -7.9780
-34.9088 -8.0605
-79.0200 -8.1200
-74.5350 -8.3689
118.7666 -8.4500
179.2166 -8.5167
125.5795 -8.5594
-63.9000 -8.7500
13.2325 -8.8363
33.4300 -8.8900
-78.5700 -9.0700
-40.5100 -9.3800
159.9498 -9.4380
147.1925 -9.4647
16.3400 -9.5400
-35.7319 -9.6181
-55.9100 -9.9000
-67.8000 -9.9666
123.5830 -10.1787
25.4724 -10.7167
-55.4506 -10.8173
-61.9670 -10.8333
-66.1000 -10.9830
34.0200 -11.4600
27.4781 -11.6781
43.2402 -11.7042
-77.0520 -12.0461
-75.2000 -12.0800
-45.0000 -12.1400
-38.9700 -12.2500
49.3115 -12.2765
130.8500 -12.4254
-49.0820 -12.4700
28.2600 -12.5500
13.4072 -12.5783
-60.1166 -12.7166
15.7581 -12.7480
28.2200 -12.8100
-38.4819 -12.9680
40.5323 -12.9830
-71.9722 -13.5250
32.6400 -13.6296
-171.7686 -13.8357
33.7833 -13.9833
-75.7255 -14.0680
-170.7066 -14.2766
28.4500 -14.4400
132.2666 -14.4666
40.7150 -14.5186
17.7000 -14.6666
-64.9000 -14.8334
-40.8400 -14.8500
13.4900 -14.9100
39.2930 -15.1360
12.1600 -15.1900
28.2814 -15.4147
-56.0869 -15.5677
46.3450 -15.6700
-47.9180 -15.7814
34.9899 -15.7900
33.5800 -16.1700
-71.5320 -16.4180
-68.1519 -16.4960
-49.3020 -16.7181
-43.8600 -16.7200
145.7633 -16.8878
-149.5667 -17.5334
168.3166 -17.7334
-63.2279 -17.7520
31.0428 -17.8158
25.8600 -17.8600
36.8900 -17.8800
122.2308 -17.9618
-70.2500 -18.0000
31.1000 -18.0000
178.4417 -18.1330
-70.2900 -18.5000
-48.2800 -18.9000
47.5147 -18.9147
-57.6500 -19.0160
-65.2595 -19.0410
146.7700 -19.2499
18.1166 -19.5666
34.8700 -19.8200
-43.9169 -19.9131
57.5000 -20.1666
28.5800 -20.1700
-70.1300 -20.2500
118.6060 -20.3104
-40.2902 -20.3380
-54.6186 -20.4481
16.6400 -20.4595
139.4900 -20.7239
116.8700 -20.7304
55.4481 -20.8789
-175.2206 -21.1385
-47.8300 -21.1700
27.5000 -21.1700
47.0833 -21.4333
-64.7500 -21.5167
166.4443 -22.2625
26.7100 -22.3900
17.0835 -22.5700
14.5350 -22.6689
-43.2121 -22.9073
-47.0559 -22.9079
14.5053 -22.9575
26.8200 -23.1000
43.6900 -23.3568
150.5200 -23.3639
-47.4700 -23.4900
-46.6270 -23.5567
-70.4000 -23.6500
133.8800 -23.7010
25.9119 -24.6463
-65.4166 -24.7834
33.6400 -25.0400
-50.1600 -25.0900
-57.6258 -25.2907
-49.3219 -25.4181
142.6502 -25.4332
-54.6161 -25.5167
28.2275 -25.7050
32.5872 -25.9533
28.0281 -26.1681
-58.1828 -26.1728
31.1333 -26.3167
31.2000 -26.4667
18.1300 -26.5739
15.1594 -26.6480
-65.2186 -26.8141
-55.8851 -27.3578
-70.3300 -27.3718
153.0331 -27.4531
-48.5220 -27.5780
26.7300 -27.9700
153.4482 -28.0815
21.2300 -28.4600
114.6000 -28.7666
26.2299 -29.1200
-51.1700 -29.1800
27.4833 -29.3167
17.8833 -29.6667
31.0109 -29.8607
-71.2500 -29.9000
-51.2020 -30.0481
151.6675 -30.5123
121.4600 -30.7354
-64.1842 -31.3980
25.0100 -31.5000
-68.5200 -31.5500
-60.6900 -31.6239
-52.3300 -31.7500
141.4331 -31.9500
115.8381 -31.9531
148.5973 -32.2600
115.7471 -32.5235
-68.8186 -32.8814
151.7702 -32.9295
-60.6683 -32.9492
27.8700 -32.9700
137.5614 -33.0250
-71.6170 -33.0477
149.1000 -33.2800
-56.5100 -33.4100
-70.6505 -33.4402
19.4399 -33.6400
115.3487 -33.6564
151.2125 -33.8714
18.4330 -33.9181
22.4500 -33.9500
25.5981 -33.9681
146.0400 -34.2900
-58.4325 -34.6107
135.8666 -34.7332
-56.1868 -34.9054
138.5981 -34.9330
117.8916 -35.0169
149.1290 -35.2830
146.3000 -36.3600
-64.3000 -36.6200
144.2800 -36.7600
-73.0500 -36.8300
174.7630 -36.8481
174.8850 -37.0000
-72.3469 -37.4797
175.2896 -37.7783
144.9731 -37.8181
-57.5800 -38.0000
141.5900 -38.3400
-62.2650 -38.7400
-68.0600 -38.9500
176.9265 -39.4900
-73.2331 -39.8217
-71.3000 -41.1500
146.3311 -41.1927
174.7772 -41.2921
-72.9300 -41.4700
173.9550 -41.5135
147.2950 -42.8500
-65.1000 -43.3000
172.6300 -43.5350
-72.0700 -45.5700
-67.5000 -45.8700
170.4910 -45.8854
-65.9000 -47.7500
-72.3000 -50.3333
-69.2166 -51.6333
-57.8500 -51.7000
-70.9400 -53.1650
-45.6007 -60.6313
-44.7333 -60.7329
-58.0000 -61.9996
-58.8639 -62.1739
-58.9077 -62.1827
-58.9527 -62.1950
-58.9667 -62.2163
-58.6505 -62.2241
-58.7716 -62.2249
-59.6833 -62.4995
-57.8896 -63.3284
-57.0259 -63.3753
-56.6500 -64.2329
-64.0469 -64.7624
110.5362 -66.2861
93.0063 -66.5755
139.9637 -66.7751
-68.1235 -67.5648
62.8750 -67.6145
-67.1000 -68.1163
78.1407 -68.7777
-90.5842 -68.7952
39.7461 -69.0304
76.3393 -69.4341
11.7305 -70.7822
-7.8384 -70.8904
-11.8502 -71.3012
2.5333 -72.0163
-13.4167 -73.0496
-11.2167 -74.5829
164.2190 -74.6192
124.1670 -74.6663
-13.4167 -75.0496
-26.4742 -76.0923
166.8694 -77.7323
166.7491 -77.8469
-34.6167 -77.8663
106.8000 -78.4663
-40.5015 -81.1791
176.9945 -90.0000
