61 23.5 77 37
74.6614 36.3269
74.6950 36.3216
74.6154 36.3070
74.7196 36.2754
72.2593 36.2733
73.7638 36.1768
74.3124 35.9187
71.7864 35.8518
74.6241 35.6884
75.2249 35.5976
72.2438 35.4784
75.7391 35.4238
74.1041 35.4129
74.8563 35.3471
75.6337 35.2979
73.2906 35.2917
71.8768 35.2074
76.1588 35.1843
76.3338 35.1622
73.0078 35.1096
76.0921 35.0282
72.4522 35.0003
72.0730 34.9980
71.5141 34.9256
72.6326 34.9204
71.8442 34.8266
72.3627 34.7795
72.3557 34.7465
71.5274 34.7361
72.9849 34.6787
73.0233 34.6772
71.3888 34.6688
71.9725 34.6178
73.5866 34.5981
73.9131 34.5889
73.8972 34.5717
71.9304 34.5656
72.4844 34.5111
73.0140 34.4985
73.0571 34.4624
73.2237 34.4377
73.4708 34.3700
73.0555 34.3352
73.1968 34.3302
71.1785 34.3296
73.0488 34.3171
71.6524 34.3009
71.9666 34.2520
73.6154 34.2256
71.5548 34.2160
72.0496 34.1979
71.7627 34.1878
73.0908 34.1873
73.7338 34.1704
73.7432 34.1691
71.7406 34.1482
73.2117 34.1463
72.4698 34.1202
72.2452 34.1077
71.1411 34.0988
72.6215 34.0703
71.9928 34.0605
72.8896 34.0600
72.4669 34.0595
73.1599 34.0535
73.5769 34.0392
72.4818 34.0337
71.9745 34.0191
71.9812 34.0158
71.7944 34.0097
71.5785 34.0080
71.9297 34.0058
72.1256 34.0034
71.3801 34.0015
71.9983 33.9983
72.9349 33.9978
72.2863 33.9905
73.7761 33.9811
72.2210 33.9642
72.4918 33.9099
73.3903 33.9084
70.1001 33.8997
73.4254 33.8973
72.2897 33.8962
72.3276 33.8769
73.7604 33.8578
72.3942 33.8550
73.8272 33.8459
71.8929 33.8234
73.8944 33.7739
72.7512 33.7709
72.3598 33.7667
72.4331 33.7610
73.5123 33.7470
73.0705 33.7419
73.0433 33.7215
73.6837 33.7153
73.1779 33.6489
73.0479 33.5973
73.3874 33.5918
71.4493 33.5820
72.6428 33.5649
70.3461 33.5361
71.0595 33.5320
73.9022 33.5184
73.7548 33.5137
74.1055 33.4915
73.3628 33.4341
72.0188 33.4330
70.7368 33.4245
73.3008 33.4196
73.2637 33.3844
71.3373 33.3829
74.0279 33.3573
73.7035 33.3122
73.4833 33.3061
73.9548 33.3019
73.7853 33.2641
73.3043 33.2541
72.2648 33.2409
73.1410 33.1928
73.8383 33.1897
73.7519 33.1478
71.0935 33.1163
70.0712 33.0006
70.6040 32.9853
74.0785 32.9746
71.5464 32.9616
73.7310 32.9345
72.8539 32.9329
72.4159 32.9277
69.7448 32.9085
73.7552 32.9049
71.5712 32.8753
72.7568 32.8605
71.3619 32.8432
70.7811 32.8258
73.9553 32.8211
73.8870 32.8161
73.8231 32.7852
71.7808 32.7836
72.6979 32.7800
72.7348 32.7426
72.9862 32.7196
74.4477 32.7182
73.9575 32.7014
71.9327 32.6968
70.3392 32.6709
73.5578 32.6646
73.0106 32.6491
72.9750 32.6417
74.2056 32.6412
73.7204 32.6410
74.5690 32.6404
73.9924 32.6180
70.9123 32.6072
74.1465 32.5970
73.9905 32.5969
73.9730 32.5968
74.4947 32.5889
73.4912 32.5870
73.0446 32.5866
71.5285 32.5776
74.0754 32.5742
73.2122 32.5549
73.2127 32.5545
73.9749 32.5298
74.5313 32.4927
72.9086 32.4821
74.3534 32.4783
74.1821 32.4621
71.4789 32.4577
74.1200 32.4432
74.2679 32.4382
74.6694 32.4375
73.5790 32.4310
74.3635 32.4297
74.6286 32.4121
74.1371 32.4061
70.9131 32.3997
72.6984 32.3664
72.6227 32.3619
74.8999 32.3446
74.7051 32.3443
74.5469 32.3331
73.7804 32.3279
74.3504 32.3242
69.5725 32.2989
72.3525 32.2967
72.2818 32.2902
71.5543 32.2787
72.4688 32.2682
72.8981 32.2658
75.1601 32.2636
74.6633 32.2629
72.5000 32.2600
72.1061 32.2454
70.3832 32.2171
72.9512 32.2039
74.6486 32.2008
73.0299 32.1884
75.0658 32.1763
74.1156 32.1569
74.1870 32.1557
71.2663 32.1551
70.9706 32.1050
74.8730 32.1020
72.6742 32.0859
73.6880 32.0710
74.2600 32.0424
74.6641 31.9904
73.6000 31.9760
74.2230 31.9753
72.3311 31.9739
73.9712 31.9626
70.4596 31.9306
70.8776 31.9102
74.5159 31.9038
73.2734 31.8984
72.3817 31.8931
72.4136 31.8864
73.5088 31.8654
71.4364 31.8344
73.6221 31.8329
70.9017 31.8313
72.5406 31.8254
72.8012 31.8246
73.9181 31.8210
72.2774 31.8054
74.2577 31.8026
71.1020 31.7845
72.9140 31.7551
73.8000 31.7500
72.9784 31.7209
73.3833 31.7167
73.9856 31.7129
71.0647 31.6269
73.6893 31.5880
73.4853 31.5709
72.6492 31.5688
73.1832 31.5681
74.3507 31.5580
73.8289 31.5451
74.5500 31.5333
73.2676 31.4994
74.3256 31.4810
74.1009 31.4612
73.7065 31.4501
73.0897 31.4155
73.5789 31.3919
71.4405 31.3877
74.3690 31.3671
69.4493 31.3408
73.4187 31.3332
72.3259 31.3057
72.3169 31.2698
74.2153 31.2490
70.9515 31.2246
74.2548 31.2208
72.9962 31.2173
73.9486 31.2024
71.2048 31.1777
74.1013 31.1707
72.6832 31.1493
74.4502 31.1187
73.1327 31.0336
73.8533 31.0202
72.4827 30.9713
73.9791 30.9662
70.9390 30.9613
66.4526 30.9177
73.4989 30.8922
73.5986 30.8788
73.2161 30.8770
74.0552 30.8770
69.8221 30.8594
73.1078 30.8422
71.9049 30.8338
72.7994 30.8304
73.2267 30.8190
73.4515 30.8103
70.8491 30.8056
70.8685 30.7877
70.9313 30.7737
72.4346 30.7666
74.1229 30.7647
67.7113 30.7524
73.2026 30.7523
73.0283 30.7520
73.8233 30.7417
73.0934 30.7397
70.8380 30.7359
66.6612 30.7280
72.6461 30.7271
73.2502 30.7261
73.0819 30.7173
73.0178 30.7101
70.6505 30.7036
68.3598 30.7008
71.7434 30.6779
72.9286 30.6768
73.6531 30.6698
73.1019 30.6659
72.9256 30.6441
73.0017 30.6362
72.8703 30.6325
72.9248 30.6256
73.0127 30.6225
72.9604 30.6223
72.8240 30.6192
73.1219 30.6174
72.8448 30.6166
72.9568 30.6057
73.0301 30.5954
73.1133 30.5950
71.9699 30.5948
73.0902 30.5938
72.9529 30.5874
72.8811 30.5822
66.9941 30.5818
73.8391 30.5776
70.9372 30.5705
73.0511 30.5692
73.0128 30.5682
73.1395 30.5644
72.9288 30.5643
73.0932 30.5604
72.9674 30.5599
72.9476 30.5518
73.3908 30.5508
73.1392 30.5356
72.6916 30.5301
72.9400 30.5298
72.9887 30.5296
72.2408 30.5269
72.9640 30.5156
73.0799 30.4980
72.9852 30.4977
67.5218 30.4898
73.0560 30.4778
70.9670 30.4691
73.6937 30.4510
72.9924 30.4454
72.3568 30.4407
73.0452 30.4292
73.0077 30.4290
72.6974 30.4239
71.9947 30.4113
71.8627 30.4047
67.7256 30.3824
68.5979 30.3705
73.3894 30.3431
71.9321 30.3017
71.6716 30.2918
73.0657 30.2906
72.5018 30.2807
66.9872 30.2038
71.4782 30.1968
67.0014 30.1841
73.0651 30.1778
72.6500 30.1667
73.5686 30.1636
68.5732 30.1531
67.9382 30.1008
71.1938 30.0726
70.6403 30.0459
72.3556 30.0445
71.8167 30.0393
73.2527 29.9983
71.1607 29.9145
69.2310 29.9030
69.5256 29.8977
71.2934 29.8809
67.3302 29.8637
71.7434 29.8027
72.1740 29.8012
66.8455 29.7997
72.8577 29.7971
73.2656 29.7658
73.2429 29.7497
72.5457 29.6922
70.5952 29.6424
71.9144 29.6243
73.1380 29.6121
72.2380 29.5814
71.7521 29.5799
71.0221 29.5752
70.3761 29.5577
66.0229 29.5522
67.8773 29.5430
71.6324 29.5339
70.8447 29.5183
71.2220 29.5051
67.6517 29.4749
73.0349 29.4680
71.6752 29.3978
70.9111 29.3824
72.8552 29.1934
71.2577 29.1427
71.7446 29.1212
70.3297 29.1041
67.8239 29.0417
69.1585 29.0362
66.5936 29.0266
61.5866 28.9469
64.4062 28.8885
62.7504 28.8270
70.5234 28.8128
69.9535 28.6873
70.6569 28.6474
67.4856 28.6132
65.4150 28.5846
70.4684 28.5521
68.2231 28.5466
68.5430 28.5204
66.2600 28.4928
69.5836 28.4326
70.3034 28.4199
68.3508 28.3735
70.1265 28.3091
68.4376 28.2819
68.9976 28.2789
69.1797 28.2457
68.7755 28.2403
68.0437 28.1772
69.7311 28.1643
68.6371 28.1544
68.6418 28.1534
69.0824 28.1388
68.0255 28.1077
69.7036 28.0644
67.9790 28.0572
67.9704 28.0558
69.7025 28.0536
68.0715 28.0456
69.5491 28.0214
67.9208 28.0194
69.3157 28.0044
68.8039 27.9671
68.6382 27.9556
69.3194 27.9368
68.5121 27.9063
67.7089 27.8744
68.8338 27.8584
69.1111 27.8562
68.6997 27.8488
69.5396 27.8484
67.9068 27.8473
69.4130 27.8409
66.6110 27.8119
68.2890 27.8023
68.0919 27.7599
68.7587 27.7543
68.4517 27.7531
64.8097 27.7273
68.8589 27.7032
68.8950 27.6920
68.3609 27.6668
68.6185 27.5918
68.0007 27.5875
68.2120 27.5590
68.7592 27.5295
68.2297 27.4579
67.7965 27.4480
68.0757 27.4352
67.9164 27.3814
68.0971 27.3742
68.5215 27.3517
68.0319 27.3417
68.7082 27.3416
68.3971 27.3047
68.5062 27.2872
68.4688 27.2127
68.4160 27.2109
67.9535 27.1985
68.6358 27.1830
67.8205 27.1803
68.4033 27.1683
67.7349 27.0906
68.2102 27.0592
67.8500 27.0333
64.0946 26.9719
68.1176 26.9423
68.5219 26.9155
68.1947 26.9104
68.4064 26.8971
67.6824 26.8810
68.1226 26.8401
68.3009 26.7746
67.7769 26.7303
67.6143 26.6923
68.2867 26.6776
68.0002 26.6632
68.3021 26.5876
67.7214 26.5583
67.9708 26.5016
65.2314 26.4568
68.3183 26.4553
67.8613 26.4249
66.2959 26.3248
68.6292 26.2958
68.4037 26.2394
66.3118 26.2272
68.6501 26.1541
68.7178 26.1471
68.2744 26.1384
68.9492 26.0469
68.1376 26.0403
68.8087 26.0301
63.0485 26.0012
69.2025 25.9962
68.8887 25.9553
68.8177 25.9412
68.6228 25.9254
68.2368 25.9083
68.4220 25.8146
66.6219 25.8072
68.4914 25.8056
68.8075 25.7850
68.6620 25.7682
68.4467 25.5971
62.1442 25.5683
69.0126 25.5276
69.7844 25.5126
69.3780 25.5112
69.5709 25.5048
68.7174 25.4605
68.2802 25.4361
68.5292 25.4281
68.3772 25.3969
68.3083 25.3657
69.7418 25.3633
69.0502 25.3098
68.8118 25.2936
69.3962 25.2814
63.4692 25.2630
64.6363 25.2102
69.5657 25.1787
69.1110 25.1566
68.5368 25.1238
62.3254 25.1216
66.7322 25.1188
69.6434 25.0672
61.7457 25.0485
68.6559 25.0429
66.8853 25.0255
68.8537 24.9839
67.1194 24.9628
67.2059 24.9434
68.8144 24.8845
67.0642 24.8742
68.3333 24.8667
67.0104 24.8608
69.4015 24.8582
66.9218 24.8441
68.6048 24.8082
68.1798 24.7938
68.9654 24.7891
67.9235 24.7475
67.5853 24.7418
69.7971 24.7370
68.2601 24.7285
70.1798 24.6990
68.8370 24.6560
67.6280 24.5469
68.9855 24.4804
69.5811 24.4669
67.9930 24.3944
68.2673 24.3549
67.4509 24.1442
